71
71
71
71
71
71
   8.000000000000000e+00
   8.000000000000000e+00
   8.000000000000000e+00
   8.000000000000000e+00
   8.000000000000000e+00
   8.000000000000000e+00
   2.257754510000000e+00
   1.451499760000000e+00
   1.792242816000000e+00
   1.552012262000000e+00
   1.304745216000000e+00
   2.872645672000000e+00
   1.845321180000000e+00
   1.269326258000000e+00
   1.772111228000000e+00
   1.749265494000000e+00
0
6
12
18
24
30
36
42
48
54
60
0
1
2
3
4
5
0
1
2
3
4
5
0
1
2
3
4
5
0
1
2
3
4
5
0
1
2
3
4
5
0
1
2
3
4
5
0
1
2
3
4
5
0
1
2
3
4
5
0
1
2
3
4
5
0
1
2
3
4
5
   3.424052000000000e-01
  -4.381578200000000e-01
   2.399270395000000e+00
   3.662258945000000e+00
  -6.531047499999998e-02
  -6.275634499999994e-02
   3.741852575000000e+00
   1.982790720000001e+00
   1.532940110000000e+00
   6.207815000000005e-03
   2.463464785000000e+00
  -5.644058199999999e-01
  -5.529837499999990e-02
   1.557244640000000e+00
  -2.037305800000000e-01
   4.856802849999999e-01
   2.814868755000000e+00
   1.702003190000000e+00
   4.875477400000001e-01
  -7.746697050000000e-01
   2.284460525000000e+00
  -1.386240999999988e-02
  -2.259692799999999e-01
  -3.656785549999999e-01
  -6.272361700000000e-01
   2.915510020000000e+00
   1.619398010000000e+00
   2.317285850000002e-01
   9.468919200000001e-01
   2.669995165000000e+00
   1.006731285000000e+00
   3.728747075000000e+00
  -3.780175850000000e-01
   2.232382365000000e+00
   2.477137675000001e+00
  -4.338399500000000e-01
  -4.915540150000000e-01
   1.982312780000000e+00
   3.933603620000000e+00
   2.674863055000000e+00
   3.229059870000000e+00
   1.441769735000000e+00
   9.194480500000002e-01
   2.036706505000000e+00
   1.406153250000002e-01
  -5.728162800000000e-01
   2.063604735000000e+00
   2.978001855000000e+00
   6.204696350000001e-01
   8.125473550000002e-01
   2.378274515000000e+00
  -2.482614200000000e-01
   3.879859365000001e+00
   1.460235365000000e+00
  -3.932808999999993e-02
   1.970339805000000e+00
   2.883887285000000e+00
   1.170942455000000e+00
  -8.655530700000000e-01
   1.667804960000000e+00
   0.000000000000000e+00
   0.000000000000000e+00
   0.000000000000000e+00
   0.000000000000000e+00
   0.000000000000000e+00
   0.000000000000000e+00
   0.000000000000000e+00
   0.000000000000000e+00
   0.000000000000000e+00
   0.000000000000000e+00
   1.000000000000000e+20
   1.000000000000000e+20
   1.000000000000000e+20
   1.000000000000000e+20
   1.000000000000000e+20
   1.000000000000000e+20
   1.000000000000000e+20
   1.000000000000000e+20
   1.000000000000000e+20
   1.000000000000000e+20
0
0
0
0
0
0
0
0
0
0
1
1
1
1
1
1
1
1
1
2
2
2
2
2
2
2
2
3
3
3
3
3
3
3
4
4
4
4
4
4
5
5
5
5
5
6
6
6
6
7
7
7
8
8
9
0
1
2
3
4
5
6
7
8
9
1
2
3
4
5
6
7
8
9
2
3
4
5
6
7
8
9
3
4
5
6
7
8
9
4
5
6
7
8
9
5
6
7
8
9
6
7
8
9
7
8
9
8
9
9
   6.277014283276278e+00
  -1.271238583893285e+00
  -2.991265411542759e+00
  -1.953266109996668e+00
   1.567910495989898e+00
  -1.832309403784210e+00
  -1.956799227386364e-01
   2.479563530964028e+00
   3.064051603816600e+00
   1.212368391120028e+00
   6.263118982991251e+00
   3.960076846571917e+00
   4.767521239152709e+00
   4.163419757550749e+00
   2.568224510530231e+00
  -9.869770757552465e-03
  -2.788429477037742e+00
  -1.258254497906193e+00
  -3.884106859870175e+00
   8.483780854440663e+00
   2.950490770182546e+00
   2.549840064407609e+00
   1.056111154663206e+00
   1.219283891875481e-01
  -3.986382201519075e+00
  -2.383616554683286e+00
  -2.661268776385737e+00
   1.100700481537039e+01
   2.450039645191512e+00
  -3.115920272310458e-01
  -7.685450038012492e+00
  -2.464780553263238e+00
   5.965404987817240e-01
  -5.608596918290876e+00
   7.017432528369546e+00
   5.864396573974448e+00
  -2.196449779724439e+00
  -4.287614580382051e+00
   5.435289189439512e-01
  -5.022164961774742e+00
   1.120553770840899e+01
   1.036412168022841e+00
  -6.116379159781514e+00
  -3.076854585460920e+00
  -6.349525800777954e+00
   1.301588625068986e+01
   1.791045597043073e+00
  -4.895297503864186e+00
   3.396330188907132e+00
   5.714586370985421e+00
   2.139785083573874e+00
   5.378737138256631e+00
   5.033421887100438e+00
   2.243444788082689e+00
   7.906511640781572e+00
